# frequency (Hz)
3.162277660168379395e+12
3.195247505759213379e+12
3.228561094321126953e+12
3.262222009711673340e+12
3.296233873153635254e+12
3.330600343624595215e+12
3.365325118250550293e+12
3.400411932703702637e+12
3.435864561604259766e+12
3.471686818926559570e+12
3.507882558409362793e+12
3.544455673970435547e+12
3.581410100125455566e+12
3.618749812411284180e+12
3.656478827813653320e+12
3.694601205199310059e+12
3.733121045752652344e+12
3.772042493416993652e+12
3.811369735340272949e+12
3.851107002325568848e+12
3.891258569286230469e+12
3.931828755705770020e+12
3.972821926102552734e+12
4.014242490499326172e+12
4.056094904897649902e+12
4.098383671757269531e+12
4.141113340480472656e+12
4.184288507901576172e+12
4.227913818781352539e+12
4.271993966306776855e+12
4.316533692595900391e+12
4.361537789208005859e+12
4.407011097659079102e+12
4.452958509942660156e+12
4.499384969056115234e+12
4.546295469532409180e+12
4.593695057977387695e+12
4.641588833612772461e+12
4.689981948824611328e+12
4.738879609717651367e+12
4.788287076675382812e+12
4.838209664925957031e+12
4.888652745113987305e+12
4.939621743878326172e+12
4.991122144435854492e+12
5.043159487171369141e+12
5.095739370233589844e+12
5.148867450137487305e+12
5.202549442372687500e+12
5.256791122018418945e+12
5.311598324364777344e+12
5.366976945540476562e+12
5.422932943147155273e+12
5.479472336900292969e+12
5.536601209276803711e+12
5.594325706169388672e+12
5.652652037547685547e+12
5.711586478126422852e+12
5.771135368040314453e+12
5.831305113526218750e+12
5.892102187612294922e+12
5.953533130814370117e+12
6.015604551839560547e+12
6.078323128297236328e+12
6.141695607417392578e+12
6.205728806776512695e+12
6.270429615030978516e+12
6.335804992658241211e+12
6.401861972705482422e+12
6.468607661546320312e+12
6.536049239645289062e+12
6.604193962330305664e+12
6.673049160573193359e+12
6.742622241778348633e+12
6.812920690579622070e+12
6.883952069645510742e+12
6.955724020492717773e+12
7.028244264308337891e+12
7.101520602780329102e+12
7.175560918936920898e+12
7.250373177994646484e+12
7.325965428215230469e+12
7.402345801771416992e+12
7.479522515621829102e+12
7.557503872394936523e+12
7.636298261282256836e+12
7.715914158940822266e+12
7.796360130405220703e+12
7.877644830008832031e+12
7.959777002314977539e+12
8.042765483057628906e+12
8.126619200091945312e+12
8.211347174354735352e+12
8.296958520834915039e+12
8.383462449554102539e+12
8.470868266557419922e+12
8.559185374914601562e+12
8.648423275731708984e+12
8.738591569173046875e+12
8.829699955494082031e+12
8.921758236084957031e+12
9.014776314524917969e+12
9.108764197647732422e+12
9.203731996618230469e+12
9.299689928020042969e+12
9.396648314954708984e+12
9.494617588152222656e+12
9.593608287093126953e+12
9.693631061142501953e+12
9.794696670695384766e+12
9.896815988334523438e+12
1.000000000000000000e+13
1.010425980617109570e+13
1.020960662306047656e+13
1.031605178382081836e+13
1.042360673976403320e+13
1.053228306159314258e+13
1.064209244064722461e+13
1.075304669015890039e+13
1.086515774652537305e+13
1.097843767059248438e+13
1.109289864895222852e+13
1.120855299525376562e+13
1.132541315152812695e+13
1.144349168952671680e+13
1.156280131207377734e+13
1.168335485443294922e+13
1.180516528568803125e+13
1.192824571013839062e+13
1.205260936870841406e+13
1.217826964037216211e+13
1.230524004359261523e+13
1.243353423777599414e+13
1.256316602474121484e+13
1.269414935020469727e+13
1.282649830528062500e+13
1.296022712799681641e+13
1.309535020482665039e+13
1.323188207223643555e+13
1.336983741824945312e+13
1.350923108402602734e+13
1.365007806546013867e+13
1.379239351479265820e+13
1.393619274224143555e+13
1.408149121764834766e+13
1.422830457214354883e+13
1.437664859982704883e+13
1.452653925946778320e+13
1.467799267622067578e+13
1.483102514336102930e+13
1.498565312403757617e+13
1.514189325304351953e+13
1.529976233860609375e+13
1.545927736419478516e+13
1.562045549034840234e+13
1.578331405652119727e+13
1.594787058294824023e+13
1.611414277253016602e+13
1.628214851273790234e+13
1.645190587753660742e+13
1.662343312933031641e+13
1.679674872092653125e+13
1.697187129752137305e+13
1.714881969870540820e+13
1.732761296049041992e+13
1.750827031735726953e+13
1.769081120432515234e+13
1.787525525904231641e+13
1.806162232389898047e+13
1.824993244816150391e+13
1.844020589012959766e+13
1.863246311931559766e+13
1.882672481864659375e+13
1.902301188668945703e+13
1.922134543989912891e+13
1.942174681489028516e+13
1.962423757073274219e+13
1.982883949127067188e+13
2.003557458746643750e+13
2.024446509976801953e+13
2.045553350050194922e+13
2.066880249629082031e+13
2.088429503049601562e+13
2.110203428568596484e+13
2.132204368613010938e+13
2.154434690031886719e+13
2.176896784350987500e+13
2.199593068030070312e+13
2.222525982722880469e+13
2.245697995539771875e+13
2.269111599313151172e+13
2.292769312865648828e+13
2.316673681281089844e+13
2.340827276178294141e+13
2.365232695987730859e+13
2.389892566231052734e+13
2.414809539803551953e+13
2.439986297259555078e+13
2.465425547100786328e+13
2.491130026067785938e+13
2.517102499434268359e+13
2.543345761304648438e+13
2.569862634914618359e+13
2.596655972934872266e+13
2.623728657777993359e+13
2.651083601908541797e+13
2.678723748156377344e+13
2.706652070033235938e+13
2.734871572052661719e+13
2.763385290053167188e+13
2.792196291524867188e+13
2.821307675939470703e+13
2.850722575083718359e+13
2.880444153396298047e+13
2.910475608308274219e+13
2.940820170587066797e+13
2.971481104684012500e+13
3.002461709085555469e+13
3.033765316668082812e+13
3.065395295056523438e+13
3.097355046986562109e+13
3.129648010670750391e+13
3.162277660168379297e+13
3.195247505759213672e+13
3.228561094321126953e+13
3.262222009711673047e+13
3.296233873153635547e+13
3.330600343624581641e+13
3.365325118250550391e+13
3.400411932703702734e+13
3.435864561604259766e+13
3.471686818926559375e+13
3.507882558409362500e+13
3.544455673970435938e+13
3.581410100125455469e+13
3.618749812411284375e+13
3.656478827813653125e+13
3.694601205199310156e+13
3.733121045752652344e+13
3.772042493416993750e+13
3.811369735340272656e+13
3.851107002325568750e+13
3.891258569286230469e+13
3.931828755705770312e+13
3.972821926102553125e+13
4.014242490499325781e+13
4.056094904897650000e+13
4.098383671757253125e+13
4.141113340480472656e+13
4.184288507901575781e+13
4.227913818781352344e+13
4.271993966306776562e+13
4.316533692595900000e+13
4.361537789208005469e+13
4.407011097659079688e+13
4.452958509942660156e+13
4.499384969056115625e+13
4.546295469532408594e+13
4.593695057977388281e+13
4.641588833612772656e+13
4.689981948824611719e+13
4.738879609717650781e+13
4.788287076675383594e+13
4.838209664925957031e+13
4.888652745113987500e+13
4.939621743878325781e+13
4.991122144435854688e+13
5.043159487171348438e+13
5.095739370233589062e+13
5.148867450137486719e+13
5.202549442372687500e+13
5.256791122018419531e+13
5.311598324364777344e+13
5.366976945540475781e+13
5.422932943147155469e+13
5.479472336900292969e+13
5.536601209276803125e+13
5.594325706169389062e+13
5.652652037547685938e+13
5.711586478126423438e+13
5.771135368040314844e+13
5.831305113526218750e+13
5.892102187612295312e+13
5.953533130814370312e+13
6.015604551839560938e+13
6.078323128297235938e+13
6.141695607417392188e+13
6.205728806776487500e+13
6.270429615031003906e+13
6.335804992658241406e+13
6.401861972705482031e+13
6.468607661546321094e+13
6.536049239645289062e+13
6.604193962330305469e+13
6.673049160573192969e+13
6.742622241778349219e+13
6.812920690579621875e+13
6.883952069645510156e+13
6.955724020492717188e+13
7.028244264308338281e+13
7.101520602780328125e+13
7.175560918936920312e+13
7.250373177994646875e+13
7.325965428215229688e+13
7.402345801771417188e+13
7.479522515621828125e+13
7.557503872394937500e+13
7.636298261282257812e+13
7.715914158940853125e+13
7.796360130405220312e+13
7.877644830008831250e+13
7.959777002314978125e+13
8.042765483057628125e+13
8.126619200091945312e+13
8.211347174354734375e+13
8.296958520834915625e+13
8.383462449554103125e+13
8.470868266557420312e+13
8.559185374914601562e+13
8.648423275731709375e+13
8.738591569173046875e+13
8.829699955494082812e+13
8.921758236084957812e+13
9.014776314524917188e+13
9.108764197647732812e+13
9.203731996618229688e+13
9.299689928020043750e+13
9.396648314954709375e+13
9.494617588152223438e+13
9.593608287093126562e+13
9.693631061142501562e+13
9.794696670695385938e+13
9.896815988334523438e+13
1.000000000000000000e+14
1.010425980617109531e+14
1.020960662306047500e+14
1.031605178382081875e+14
1.042360673976403281e+14
1.053228306159314219e+14
1.064209244064722500e+14
1.075304669015890156e+14
1.086515774652537188e+14
1.097843767059248438e+14
1.109289864895222812e+14
1.120855299525376562e+14
1.132541315152812656e+14
1.144349168952671719e+14
1.156280131207377812e+14
1.168335485443294844e+14
1.180516528568803125e+14
1.192824571013839062e+14
1.205260936870841406e+14
1.217826964037216094e+14
1.230524004359261562e+14
1.243353423777599375e+14
1.256316602474121406e+14
1.269414935020469688e+14
1.282649830528062500e+14
1.296022712799681719e+14
1.309535020482665000e+14
1.323188207223643438e+14
1.336983741824945156e+14
1.350923108402602812e+14
1.365007806546013750e+14
1.379239351479265781e+14
1.393619274224143438e+14
1.408149121764834688e+14
1.422830457214355000e+14
1.437664859982705000e+14
1.452653925946778125e+14
1.467799267622067500e+14
1.483102514336102812e+14
1.498565312403757500e+14
1.514189325304351875e+14
1.529976233860609375e+14
1.545927736419478438e+14
1.562045549034840000e+14
1.578331405652119688e+14
1.594787058294817500e+14
1.611414277253016562e+14
1.628214851273790312e+14
1.645190587753660625e+14
1.662343312933031562e+14
1.679674872092653125e+14
1.697187129752137188e+14
1.714881969870540938e+14
1.732761296049041875e+14
1.750827031735726875e+14
1.769081120432515312e+14
1.787525525904231875e+14
1.806162232389898125e+14
1.824993244816150625e+14
1.844020589012959688e+14
1.863246311931559688e+14
1.882672481864659062e+14
1.902301188668945938e+14
1.922134543989912812e+14
1.942174681489028438e+14
1.962423757073265938e+14
1.982883949127075312e+14
2.003557458746643750e+14
2.024446509976801875e+14
2.045553350050195000e+14
2.066880249629082188e+14
2.088429503049601562e+14
2.110203428568596562e+14
2.132204368613010938e+14
2.154434690031886562e+14
2.176896784350987500e+14
2.199593068030070312e+14
2.222525982722880312e+14
2.245697995539771562e+14
2.269111599313151250e+14
2.292769312865648750e+14
2.316673681281089688e+14
2.340827276178294375e+14
2.365232695987730625e+14
2.389892566231052812e+14
2.414809539803551875e+14
2.439986297259555312e+14
2.465425547100786250e+14
2.491130026067785938e+14
2.517102499434268438e+14
2.543345761304648125e+14
2.569862634914618438e+14
2.596655972934872500e+14
2.623728657777993438e+14
2.651083601908541562e+14
2.678723748156377188e+14
2.706652070033235625e+14
2.734871572052661875e+14
2.763385290053166875e+14
2.792196291524867188e+14
2.821307675939470625e+14
2.850722575083718125e+14
2.880444153396298125e+14
2.910475608308274375e+14
2.940820170587066875e+14
2.971481104684012500e+14
3.002461709085555625e+14
3.033765316668082500e+14
3.065395295056523750e+14
3.097355046986561875e+14
3.129648010670750625e+14
3.162277660168379375e+14
3.195247505759213750e+14
3.228561094321126875e+14
3.262222009711673125e+14
3.296233873153635625e+14
3.330600343624581875e+14
3.365325118250563750e+14
3.400411932703702500e+14
3.435864561604259375e+14
3.471686818926559375e+14
3.507882558409362500e+14
3.544455673970435625e+14
3.581410100125455625e+14
3.618749812411284375e+14
3.656478827813638125e+14
3.694601205199310000e+14
3.733121045752652500e+14
3.772042493416993750e+14
3.811369735340273125e+14
3.851107002325568750e+14
3.891258569286230625e+14
3.931828755705770000e+14
3.972821926102552500e+14
4.014242490499326250e+14
4.056094904897650000e+14
4.098383671757253125e+14
4.141113340480489375e+14
4.184288507901576250e+14
4.227913818781352500e+14
4.271993966306776875e+14
4.316533692595900000e+14
4.361537789208005625e+14
4.407011097659079375e+14
4.452958509942660000e+14
4.499384969056096875e+14
4.546295469532408750e+14
4.593695057977388125e+14
4.641588833612772500e+14
4.689981948824611875e+14
4.738879609717651250e+14
4.788287076675383125e+14
4.838209664925957500e+14
4.888652745113987500e+14
4.939621743878325625e+14
4.991122144435854375e+14
5.043159487171348750e+14
5.095739370233610000e+14
5.148867450137486875e+14
5.202549442372686875e+14
5.256791122018419375e+14
5.311598324364776875e+14
5.366976945540476250e+14
5.422932943147155000e+14
5.479472336900292500e+14
5.536601209276803125e+14
5.594325706169388750e+14
5.652652037547686250e+14
5.711586478126423750e+14
5.771135368040315000e+14
5.831305113526218750e+14
5.892102187612295000e+14
5.953533130814370000e+14
6.015604551839560000e+14
6.078323128297236250e+14
6.141695607417392500e+14
6.205728806776487500e+14
6.270429615031003750e+14
6.335804992658241250e+14
6.401861972705482500e+14
6.468607661546321250e+14
6.536049239645290000e+14
6.604193962330305000e+14
6.673049160573193750e+14
6.742622241778348750e+14
6.812920690579622500e+14
6.883952069645510000e+14
6.955724020492717500e+14
7.028244264308338750e+14
7.101520602780328750e+14
7.175560918936921250e+14
7.250373177994646250e+14
7.325965428215230000e+14
7.402345801771417500e+14
7.479522515621828750e+14
7.557503872394936250e+14
7.636298261282226250e+14
7.715914158940853750e+14
7.796360130405221250e+14
7.877644830008832500e+14
7.959777002314977500e+14
8.042765483057628750e+14
8.126619200091945000e+14
8.211347174354735000e+14
8.296958520834915000e+14
8.383462449554102500e+14
8.470868266557420000e+14
8.559185374914601250e+14
8.648423275731743750e+14
8.738591569173047500e+14
8.829699955494082500e+14
8.921758236084957500e+14
9.014776314524917500e+14
9.108764197647732500e+14
9.203731996618230000e+14
9.299689928020043750e+14
9.396648314954671250e+14
9.494617588152223750e+14
9.593608287093127500e+14
9.693631061142502500e+14
9.794696670695386250e+14
9.896815988334523750e+14
1.000000000000000000e+15
1.010425980617109625e+15
1.020960662306047500e+15
1.031605178382081750e+15
1.042360673976403250e+15
1.053228306159314250e+15
1.064209244064726875e+15
1.075304669015890125e+15
1.086515774652537250e+15
1.097843767059248500e+15
1.109289864895222750e+15
1.120855299525376500e+15
1.132541315152812750e+15
1.144349168952671750e+15
1.156280131207373000e+15
1.168335485443294750e+15
1.180516528568803250e+15
1.192824571013839000e+15
1.205260936870841250e+15
1.217826964037216000e+15
1.230524004359261500e+15
1.243353423777599250e+15
1.256316602474121500e+15
1.269414935020469750e+15
1.282649830528062500e+15
1.296022712799681750e+15
1.309535020482670250e+15
1.323188207223643500e+15
1.336983741824945250e+15
1.350923108402602750e+15
1.365007806546013750e+15
1.379239351479265750e+15
1.393619274224143500e+15
1.408149121764834750e+15
1.422830457214349000e+15
1.437664859982705000e+15
1.452653925946778250e+15
1.467799267622067500e+15
1.483102514336103000e+15
1.498565312403757750e+15
1.514189325304352000e+15
1.529976233860609500e+15
1.545927736419478500e+15
1.562045549034840250e+15
1.578331405652119750e+15
1.594787058294817500e+15
1.611414277253023250e+15
1.628214851273790250e+15
1.645190587753660750e+15
1.662343312933031500e+15
1.679674872092653250e+15
1.697187129752137250e+15
1.714881969870541000e+15
1.732761296049042000e+15
1.750827031735727000e+15
1.769081120432515250e+15
1.787525525904231750e+15
1.806162232389898000e+15
1.824993244816150500e+15
1.844020589012959750e+15
1.863246311931559750e+15
1.882672481864659250e+15
1.902301188668945750e+15
1.922134543989912750e+15
1.942174681489028500e+15
1.962423757073266000e+15
1.982883949127075500e+15
2.003557458746644000e+15
2.024446509976801750e+15
2.045553350050195000e+15
2.066880249629082000e+15
2.088429503049601500e+15
2.110203428568596500e+15
2.132204368613011000e+15
2.154434690031886750e+15
2.176896784350987750e+15
2.199593068030070250e+15
2.222525982722880500e+15
2.245697995539771750e+15
2.269111599313151500e+15
2.292769312865649000e+15
2.316673681281089500e+15
2.340827276178294500e+15
2.365232695987730500e+15
2.389892566231052500e+15
2.414809539803542000e+15
2.439986297259555000e+15
2.465425547100786500e+15
2.491130026067786000e+15
2.517102499434268500e+15
2.543345761304648000e+15
2.569862634914618500e+15
2.596655972934872500e+15
2.623728657777993500e+15
2.651083601908541500e+15
2.678723748156377500e+15
2.706652070033236000e+15
2.734871572052662000e+15
2.763385290053167000e+15
2.792196291524867000e+15
2.821307675939470500e+15
2.850722575083718000e+15
2.880444153396298000e+15
2.910475608308274500e+15
2.940820170587066500e+15
2.971481104684000500e+15
3.002461709085555500e+15
3.033765316668083000e+15
3.065395295056523500e+15
3.097355046986562000e+15
3.129648010670750500e+15
3.162277660168379500e+15
3.195247505759213500e+15
3.228561094321127000e+15
3.262222009711673000e+15
3.296233873153635500e+15
3.330600343624582000e+15
3.365325118250564000e+15
3.400411932703702500e+15
3.435864561604259500e+15
3.471686818926559500e+15
3.507882558409362500e+15
3.544455673970435500e+15
3.581410100125455500e+15
3.618749812411284000e+15
3.656478827813638000e+15
3.694601205199310000e+15
3.733121045752652500e+15
3.772042493416993500e+15
3.811369735340273000e+15
3.851107002325569000e+15
3.891258569286230500e+15
3.931828755705770000e+15
3.972821926102553000e+15
4.014242490499326000e+15
4.056094904897650000e+15
4.098383671757253000e+15
4.141113340480489500e+15
4.184288507901576000e+15
4.227913818781352500e+15
4.271993966306776500e+15
4.316533692595900500e+15
4.361537789208005500e+15
4.407011097659079500e+15
4.452958509942660000e+15
4.499384969056097000e+15
4.546295469532409000e+15
4.593695057977388000e+15
4.641588833612773000e+15
4.689981948824612000e+15
4.738879609717651000e+15
4.788287076675383000e+15
4.838209664925957000e+15
4.888652745113988000e+15
4.939621743878326000e+15
4.991122144435854000e+15
5.043159487171348000e+15
5.095739370233610000e+15
5.148867450137487000e+15
5.202549442372687000e+15
5.256791122018419000e+15
5.311598324364777000e+15
5.366976945540476000e+15
5.422932943147155000e+15
5.479472336900293000e+15
5.536601209276803000e+15
5.594325706169389000e+15
5.652652037547686000e+15
5.711586478126423000e+15
5.771135368040315000e+15
5.831305113526219000e+15
5.892102187612295000e+15
5.953533130814370000e+15
6.015604551839561000e+15
6.078323128297236000e+15
6.141695607417392000e+15
6.205728806776488000e+15
6.270429615031004000e+15
6.335804992658241000e+15
6.401861972705482000e+15
6.468607661546321000e+15
6.536049239645289000e+15
6.604193962330305000e+15
6.673049160573193000e+15
6.742622241778349000e+15
6.812920690579622000e+15
6.883952069645510000e+15
6.955724020492718000e+15
7.028244264308338000e+15
7.101520602780329000e+15
7.175560918936921000e+15
7.250373177994647000e+15
7.325965428215230000e+15
7.402345801771417000e+15
7.479522515621829000e+15
7.557503872394937000e+15
7.636298261282226000e+15
7.715914158940854000e+15
7.796360130405221000e+15
7.877644830008832000e+15
7.959777002314978000e+15
8.042765483057628000e+15
8.126619200091946000e+15
8.211347174354735000e+15
8.296958520834915000e+15
8.383462449554102000e+15
8.470868266557420000e+15
8.559185374914601000e+15
8.648423275731709000e+15
8.738591569173047000e+15
8.829699955494083000e+15
8.921758236084958000e+15
9.014776314524918000e+15
9.108764197647734000e+15
9.203731996618230000e+15
9.299689928020044000e+15
9.396648314954672000e+15
9.494617588152224000e+15
9.593608287093128000e+15
9.693631061142502000e+15
9.794696670695386000e+15
9.896815988334524000e+15
1.000000000000000000e+16
1.010425980617105400e+16
1.020960662306047600e+16
1.031605178382077600e+16
1.042360673976403200e+16
1.053228306159314200e+16
1.064209244064726800e+16
1.075304669015890200e+16
1.086515774652541800e+16
1.097843767059248400e+16
1.109289864895218200e+16
1.120855299525376400e+16
1.132541315152808000e+16
1.144349168952671800e+16
1.156280131207373000e+16
1.168335485443294800e+16
1.180516528568803200e+16
1.192824571013843800e+16
1.205260936870841400e+16
1.217826964037211200e+16
1.230524004359261600e+16
1.243353423777604400e+16
1.256316602474121400e+16
1.269414935020464400e+16
1.282649830528062600e+16
1.296022712799681800e+16
1.309535020482670400e+16
1.323188207223643600e+16
1.336983741824950800e+16
1.350923108402602800e+16
1.365007806546019400e+16
1.379239351479265800e+16
1.393619274224137800e+16
1.408149121764834800e+16
1.422830457214349000e+16
1.437664859982705000e+16
1.452653925946778200e+16
1.467799267622073600e+16
1.483102514336102800e+16
1.498565312403763800e+16
1.514189325304352000e+16
1.529976233860603200e+16
1.545927736419478600e+16
1.562045549034833800e+16
1.578331405652119800e+16
1.594787058294817600e+16
1.611414277253023200e+16
1.628214851273790200e+16
1.645190587753667400e+16
1.662343312933031600e+16
1.679674872092646200e+16
1.697187129752137200e+16
1.714881969870533800e+16
1.732761296049041800e+16
1.750827031735719800e+16
1.769081120432515200e+16
1.787525525904231800e+16
1.806162232389905200e+16
1.824993244816150400e+16
1.844020589012967200e+16
1.863246311931560000e+16
1.882672481864666800e+16
1.902301188668945600e+16
1.922134543989904800e+16
1.942174681489028400e+16
1.962423757073266000e+16
1.982883949127075600e+16
2.003557458746644000e+16
2.024446509976810000e+16
2.045553350050195200e+16
2.066880249629090400e+16
2.088429503049601600e+16
2.110203428568588000e+16
2.132204368613010800e+16
2.154434690031878000e+16
2.176896784350987600e+16
2.199593068030070400e+16
2.222525982722889600e+16
2.245697995539771600e+16
2.269111599313160400e+16
2.292769312865648800e+16
2.316673681281080400e+16
2.340827276178294400e+16
2.365232695987721200e+16
2.389892566231052800e+16
2.414809539803542000e+16
2.439986297259555200e+16
2.465425547100786400e+16
2.491130026067796000e+16
2.517102499434268400e+16
2.543345761304638000e+16
2.569862634914618400e+16
2.596655972934862000e+16
2.623728657777993200e+16
2.651083601908530800e+16
2.678723748156377200e+16
2.706652070033235600e+16
2.734871572052673200e+16
2.763385290053167200e+16
2.792196291524878400e+16
2.821307675939470800e+16
2.850722575083730000e+16
2.880444153396298000e+16
2.910475608308262400e+16
2.940820170587066800e+16
2.971481104684000400e+16
3.002461709085555600e+16
3.033765316668082800e+16
3.065395295056536000e+16
3.097355046986562000e+16
3.129648010670763200e+16
3.162277660168379200e+16
3.195247505759200400e+16
3.228561094321126800e+16
3.262222009711660000e+16
3.296233873153635600e+16
3.330600343624581600e+16
3.365325118250564000e+16
3.400411932703702800e+16
3.435864561604273600e+16
3.471686818926559600e+16
3.507882558409348400e+16
3.544455673970435600e+16
3.581410100125470000e+16
3.618749812411284000e+16
3.656478827813638400e+16
3.694601205199309600e+16
3.733121045752652800e+16
3.772042493417008800e+16
3.811369735340272800e+16
3.851107002325552800e+16
3.891258569286230400e+16
3.931828755705786400e+16
3.972821926102552800e+16
4.014242490499309600e+16
4.056094904897649600e+16
4.098383671757252800e+16
4.141113340480489600e+16
4.184288507901576000e+16
4.227913818781335200e+16
4.271993966306776800e+16
4.316533692595917600e+16
4.361537789208005600e+16
4.407011097659061600e+16
4.452958509942660000e+16
4.499384969056096800e+16
4.546295469532408800e+16
4.593695057977388000e+16
4.641588833612791200e+16
4.689981948824612000e+16
4.738879609717670400e+16
4.788287076675383200e+16
4.838209664925937600e+16
4.888652745113988000e+16
4.939621743878305600e+16
4.991122144435854400e+16
5.043159487171348800e+16
5.095739370233610400e+16
5.148867450137487200e+16
5.202549442372708800e+16
5.256791122018419200e+16
5.311598324364755200e+16
5.366976945540476000e+16
5.422932943147177600e+16
5.479472336900292800e+16
5.536601209276780800e+16
5.594325706169388800e+16
5.652652037547685600e+16
5.711586478126446400e+16
5.771135368040314400e+16
5.831305113526195200e+16
5.892102187612295200e+16
5.953533130814394400e+16
6.015604551839560800e+16
6.078323128297211200e+16
6.141695607417392000e+16
6.205728806776488000e+16
6.270429615031004000e+16
6.335804992658241600e+16
6.401861972705456000e+16
6.468607661546320800e+16
6.536049239645316000e+16
6.604193962330305600e+16
6.673049160573165600e+16
6.742622241778348800e+16
6.812920690579594400e+16
6.883952069645510400e+16
6.955724020492717600e+16
7.028244264308367200e+16
7.101520602780328800e+16
7.175560918936950400e+16
7.250373177994646400e+16
7.325965428215200000e+16
7.402345801771417600e+16
7.479522515621859200e+16
7.557503872394937600e+16
7.636298261282225600e+16
7.715914158940854400e+16
7.796360130405220800e+16
7.877644830008864000e+16
7.959777002314977600e+16
8.042765483057595200e+16
8.126619200091945600e+16
8.211347174354768000e+16
8.296958520834915200e+16
8.383462449554068800e+16
8.470868266557419200e+16
8.559185374914601600e+16
8.648423275731744000e+16
8.738591569173048000e+16
8.829699955494046400e+16
8.921758236084958400e+16
9.014776314524955200e+16
9.108764197647732800e+16
9.203731996618192000e+16
9.299689928020043200e+16
9.396648314954672000e+16
9.494617588152224000e+16
9.593608287093128000e+16
9.693631061142542400e+16
9.794696670695385600e+16
9.896815988334564800e+16
1.000000000000000000e+17
