# time (days from peak)
-2.267825918010492003e+01
-2.267825918010492003e+01
-1.257598046018485149e+01
-1.338158150378861677e+01
-1.338158150378861677e+01
-5.517083460545670448e+00
1.835327097615810032e+00
-1.472424990979490644e+00
2.122595686807849447e+01
2.039121263426683939e+01
2.039121263426683939e+01
2.553082239307223844e+01
2.870326681284521086e+01
3.145313497460379892e+01
3.640331399705792137e+01
3.534583252380026863e+01
3.534583252380026863e+01
3.912403896860861607e+01
4.322698381859058259e+01
4.706347664381470963e+01
5.109356351827695164e+01
5.502581253989841059e+01
5.899344972105804175e+01
6.235324322073884673e+01
6.631671708901163242e+01
6.974728690776873918e+01
7.431444114463349138e+01
7.939160121013628668e+01
8.387548918926421493e+01
8.840725526659079492e+01
9.516223042549057709e+01
9.516223042549057709e+01
9.163590441033612422e+01
1.024875794498876047e+02
1.066050958949734735e+02
1.184101695856115839e+02
1.222320908157317660e+02
1.310999472647034452e+02
1.366100918704377136e+02
1.403862166588026241e+02
1.459192594854145284e+02
1.459192594854145284e+02
1.595374559382719610e+02
1.651849898692719876e+02
1.718150656415665196e+02
1.747002414721474395e+02
1.747002414721474395e+02
1.690360542896000595e+02
1.690360542896000595e+02
1.810555385939104838e+02
2.186169474589913477e+02
