# time (days from estimated first fallback)
-3.010988884276283173e+01
-2.810256291991520783e+01
-2.609523699706065969e+01
-2.408791107421303224e+01
-2.208058515135848765e+01
-2.016886905585540291e+01
-2.007325922851086375e+01
-1.806593330565631561e+01
-1.605860738280868816e+01
-1.405128145995414357e+01
-1.289147179558004552e+01
-1.204395553710651612e+01
-1.003662961425197153e+01
-8.029303691404344079e+00
-7.478610303949214000e+00
-7.469097366352144718e+00
-6.021977768549799492e+00
-4.014651845702172039e+00
-2.007325922847627453e+00
0.000000000000000000e+00
1.558680411423694068e+00
2.007325922854544586e+00
2.243611918274115880e+00
2.253124855871181609e+00
4.014651845702172039e+00
4.768345556016694076e+00
4.770248143536104379e+00
4.771199437299269874e+00
4.773102024811766597e+00
6.021977768556720179e+00
6.762257275960568137e+00
8.029303691404340526e+00
8.484098980676773039e+00
8.485050274433017847e+00
8.486001568196183342e+00
8.487904155715600751e+00
1.003662961425888867e+01
1.145498939163529073e+01
1.145689197915470103e+01
1.145784327291094584e+01
1.145974586043036325e+01
1.146069715419352875e+01
1.146164844794977355e+01
1.151872607352526146e+01
1.204395553710651612e+01
1.405128145996106426e+01
1.442112333379873590e+01
1.442207462755498071e+01
1.442302592131122552e+01
1.442587980259380842e+01
1.490533185738910404e+01
1.605860738280868460e+01
1.691256168996195086e+01
1.695061344034330020e+01
1.696012637794037303e+01
1.746431207047419676e+01
1.746526336423736225e+01
1.746621465799361417e+01
1.746716595175677966e+01
1.806593330566323274e+01
1.962374890457244092e+01
1.966180065495379026e+01
1.991294220746099697e+01
1.991484479498041438e+01
1.991579608874357987e+01
1.991864997001923498e+01
1.991960126378240759e+01
2.007325922851086020e+01
2.208058515136540834e+01
2.236347493197413527e+01
2.237298786956428032e+01
2.345936534292788522e+01
2.346126793044730263e+01
2.346221922420354744e+01
2.346317051796671294e+01
2.346697569300554065e+01
2.346792698676178546e+01
2.408791107421303579e+01
2.591084936119034765e+01
2.591370324247293055e+01
2.591465453622917536e+01
2.591560582999234086e+01
2.591941100503116857e+01
2.592036229878741338e+01
2.599741709331327755e+01
2.609523699706757682e+01
2.810256291991520428e+01
2.869148102024904645e+01
2.869243231400529126e+01
2.869338360776845676e+01
2.869433490152470156e+01
2.869623748904411897e+01
2.869718878280728447e+01
2.871811724552083334e+01
3.010988884276975242e+01
3.139125270974997406e+01
3.141979152253425056e+01
3.199247036576004533e+01
3.199342165951629013e+01
3.199437295327945563e+01
3.199722683455511785e+01
3.199817812831828334e+01
3.211721476561737632e+01
3.387412942207929234e+01
3.388364235967635807e+01
3.408341404917325690e+01
3.410243992436046767e+01
3.412454068847192445e+01
3.613186661131955191e+01
3.654345971126960535e+01
3.654441100502585016e+01
3.654536229878902986e+01
3.654726488630844017e+01
3.749855864582137599e+01
3.772686914810253711e+01
3.813919253417410005e+01
3.861157234444985420e+01
4.014651845702172750e+01
4.109444905677916893e+01
4.126568193349177704e+01
4.215384437987627564e+01
4.225502744338606931e+01
4.227405331858020077e+01
4.229307919376741154e+01
4.315875651492750364e+01
4.416117030272390309e+01
4.496621465799654516e+01
4.499475347078083587e+01
4.616849622557845123e+01
4.762032424703848221e+01
4.769642774780118089e+01
4.817582214842606447e+01
5.018314807128061261e+01
5.219047399412824007e+01
5.311880217702214679e+01
5.419779991698278820e+01
5.620512583983041566e+01
5.707047645404105651e+01
5.707142774779730132e+01
5.707237904156046682e+01
5.707523292283612193e+01
5.821245176268496380e+01
5.845556016789028320e+01
5.856020248143725837e+01
6.021977768553259125e+01
6.186024053318509175e+01
6.186214312070450205e+01
6.186309441446768176e+01
6.186404570822392657e+01
6.186785088326274717e+01
6.186880217701899198e+01
6.217511876758919698e+01
6.222710360838713939e+01
6.423442953123475263e+01
6.568539274018722551e+01
6.624175545408930077e+01
6.824908137693692822e+01
6.840609289239478130e+01
6.845365758037320347e+01
6.938592546469892852e+01
6.939543840228907357e+01
6.941446427748320502e+01
6.943349015267041580e+01
7.025640729979147636e+01
7.112679304460233709e+01
7.114581891979646855e+01
7.226373322263910381e+01
7.389505788478831505e+01
7.427105914549365195e+01
7.461423596697433425e+01
7.461804114201315485e+01
7.462184631705198967e+01
7.627838506834127941e+01
7.632371085281781120e+01
7.632561344033722150e+01
7.632751602785663181e+01
7.828571099119582755e+01
7.933645818920342663e+01
8.005373368387003552e+01
8.005753885890885613e+01
8.006039274019143193e+01
8.029303691404344079e+01
8.230036283689798893e+01
8.398257691066288544e+01
8.398447949818230995e+01
8.398638208569479957e+01
8.430768875974561638e+01
8.479688436880574898e+01
8.631501468260016452e+01
8.729878695632227448e+01
8.776492089848167666e+01
8.776777477976426667e+01
8.777157995480308728e+01
8.832234060544779197e+01
9.032966652830234011e+01
9.233699245114996756e+01
9.284482957428436123e+01
9.287812485586371736e+01
9.288193003090255218e+01
9.288668649969761759e+01
9.434431837400451570e+01
9.635164429685214316e+01
9.835897021970667709e+01
9.917093307504678990e+01
1.003662961425543045e+02
1.023736220654088669e+02
1.043809479882564943e+02
1.054875236382121244e+02
1.063882739111110283e+02
1.083955998339586557e+02
1.085592511876788109e+02
1.104029257568131897e+02
1.110830335316651230e+02
1.110839848254213820e+02
1.110849361191845475e+02
1.110858874129408065e+02
1.110868387067039720e+02
1.114997001983336276e+02
1.115092131359306933e+02
1.124102516796608171e+02
1.125194871085316066e+02
1.125204384022878656e+02
1.125213896960510311e+02
1.125223409898072617e+02
1.125232922835704272e+02
1.144175776025153795e+02
1.152002329228383957e+02
1.164249035253630069e+02
1.184322294482175408e+02
1.190434597112714954e+02
1.204395553710651683e+02
1.216880563627163525e+02
1.224468812939197306e+02
1.244542072167673297e+02
1.253124855864584362e+02
1.253505373368397926e+02
1.264615331396218920e+02
1.279951339882846497e+02
1.280141598634787670e+02
1.280902633642414514e+02
1.284688590624695053e+02
1.288798371846319526e+02
1.289178889350132806e+02
1.298216180065547292e+02
1.304761849853240392e+02
1.324835109081716666e+02
1.344908368310262290e+02
1.364981627538738564e+02
1.385054886767283904e+02
1.387951720400376701e+02
1.387970746275570946e+02
1.387980259213133252e+02
1.387999285088327497e+02
1.388008798025959152e+02
1.405128145995760178e+02
1.425201405224305518e+02
1.435354688436908077e+02
1.435364201374470383e+02
1.435373714312102038e+02
1.435383227249664628e+02
1.435392740187296283e+02
1.445274664452781792e+02
1.465347923681327416e+02
1.485421182909803690e+02
1.486572344449067486e+02
1.486600883261824038e+02
1.486610396199455693e+02
1.486619909137018283e+02
1.486657960887406489e+02
1.486667473825038144e+02
1.505494442138349029e+02
1.525567701366825304e+02
1.532691065910237000e+02
1.532710091785430961e+02
1.532719604723062616e+02
1.532738630598256862e+02
1.532748143535819452e+02
1.545640960595370927e+02
1.565714219823846918e+02
1.585787479052392541e+02
1.605860738280868816e+02
1.625933997509414155e+02
1.629856210506887919e+02
1.629865723444519574e+02
1.629875236382081880e+02
1.629894262257276125e+02
1.646007256737890430e+02
1.666080515966436053e+02
1.686106210506892182e+02
1.686115723444523837e+02
1.686125236382086428e+02
1.686144262257280673e+02
1.686153775194912328e+02
